1-1-11-0.txt [ 1.07581931e+01 -3.11538315e+00  1.36721498e+00  3.58849226e+00
  2.26765711e+00  1.72600000e+03]
1-1-11-1.txt [ 1.07711658e+01 -3.09614277e+00  1.33132994e+00  3.55353573e+00
  1.16372767e+00  1.72400000e+03]
1-1-11-2.txt [ 1.07676901e+01 -3.07224917e+00  1.30608916e+00  3.52224347e+00
  2.92892252e+00  1.72600000e+03]
1-1-12-0.txt [ 9.62899864e+00 -2.70638633e+00  1.41252864e+00  3.44159563e+00
  1.99033725e+00  1.71900000e+03]
1-1-12-1.txt [ 9.61809790e+00 -2.75659829e+00  1.40052986e+00  3.40344651e+00
  3.10457559e+00  1.72100000e+03]
1-1-12-2.txt [ 9.63995700e+00 -2.69236749e+00  1.41850168e+00  3.44748031e+00
  2.54051826e+00  1.72400000e+03]
1-1-12-3.txt [ 9.62522662e+00 -2.72291768e+00  1.42581773e+00  3.43815893e+00
  5.92312465e+00  1.72400000e+03]
1-1-12-4.txt [ 9.64206159e+00 -2.66863728e+00  1.41103363e+00  3.45990960e+00
  5.71973213e+00  1.72400000e+03]
1-1-13-0.txt [ 8.45157027e+00 -2.49410182e+00  1.27062852e+00  3.29369033e+00
  2.06116719e+00  1.72200000e+03]
1-1-13-1.txt [ 8.46572184e+00 -2.46306306e+00  1.27919757e+00  3.28244248e+00
  2.03864289e+00  1.71900000e+03]
1-1-13-2.txt [ 8.47157669e+00 -2.43043232e+00  1.26526266e+00  3.28593549e+00
  8.54385053e-01  1.72600000e+03]
1-1-13-3.txt [ 8.47696883e+00 -2.43286836e+00  1.23919714e+00  3.25836128e+00
  1.91764844e+00  1.72600000e+03]
1-1-13-4.txt [ 8.46918755e+00 -2.47040921e+00  1.22942149e+00  3.24514288e+00
  4.72801939e+00  1.72400000e+03]
1-1-13-5.txt [ 8.46460968e+00 -2.44625878e+00  1.27204055e+00  3.28041244e+00
  3.62961988e+00  1.72400000e+03]
1-1-13-6.txt [ 8.45990568e+00 -2.46806794e+00  1.21844155e+00  3.23327931e+00
  2.07735249e+00  1.72600000e+03]
1-1-13-7.txt [ 8.46604801e+00 -2.45830422e+00  1.24035394e+00  3.24526760e+00
  2.25379608e+00  1.72600000e+03]
1-1-14-0.txt [ 7.31837993e+00 -2.01285917e+00  1.32212484e+00  3.37505540e+00
  5.29978950e+00  1.72400000e+03]
1-1-14-1.txt [ 7.30314475e+00 -2.02960992e+00  1.34469432e+00  3.38993414e+00
  1.11354700e+00  1.72200000e+03]
1-1-14-2.txt [ 7.31452888e+00 -2.00488805e+00  1.33499533e+00  3.39425973e+00
  1.67014866e+00  1.71700000e+03]
1-1-14-3.txt [ 7.31595826e+00 -1.98747683e+00  1.33924753e+00  3.40506564e+00
  4.27216939e+00  1.71900000e+03]
1-1-14-4.txt [ 7.30960774e+00 -1.99331009e+00  1.35658830e+00  3.40817581e+00
  4.18972548e+00  1.71900000e+03]
1-1-14-5.txt [ 7.31864888e+00 -1.99784988e+00  1.37747860e+00  3.43647075e+00
  5.48464076e-01  1.86100000e+03]
1-1-14-6.txt [ 7.31761038e+00 -1.99964470e+00  1.31259829e+00  3.36844529e+00
  2.26867465e+00  1.72600000e+03]
1-1-14-7.txt [ 7.32667040e+00 -1.97952753e+00  1.33058220e+00  3.40254342e+00
  3.99873487e+00  1.72600000e+03]
1-1-14-8.txt [ 7.32276606e+00 -1.99305648e+00  1.34028703e+00  3.40789754e+00
  1.52457931e+00  1.72200000e+03]
1-1-14-9.txt [ 7.30890119e+00 -2.01340383e+00  1.33370626e+00  3.38658021e+00
  7.33088764e-01  1.72100000e+03]
1-1-14-10.txt [ 7.31722797e+00 -1.99252581e+00  1.32826191e+00  3.39228483e+00
  3.28949115e-01  1.72200000e+03]
1-1-15-0.txt [ 6.12938965e+00 -1.74518871e+00  1.25342673e+00  3.26798438e+00
  1.24224289e+00  1.72600000e+03]
1-1-15-1.txt [ 6.13753241e+00 -1.74507242e+00  1.28977358e+00  3.29746098e+00
  2.04374593e+00  1.72600000e+03]
1-1-15-2.txt [ 6.12519115e+00 -1.78582000e+00  1.25928331e+00  3.29424380e+00
  1.80210930e+00  1.86800000e+03]
1-1-15-3.txt [ 6.12196517e+00 -1.77947891e+00  1.28388834e+00  3.71459825e+00
  1.63004329e+00  1.72200000e+03]
1-1-15-4.txt [ 6.12772006e+00 -1.75913191e+00  1.25717128e+00  3.27752090e+00
  5.32293946e-01  1.72400000e+03]
1-1-15-5.txt [ 6.14068973e+00 -1.72360778e+00  1.29153132e+00  3.72439729e+00
  3.52870311e+00  1.72200000e+03]
1-1-15-6.txt [ 6.12383979e+00 -1.75737744e+00  1.32720673e+00  3.33874854e+00
  2.54870259e-02  1.74900000e+03]
1-1-15-7.txt [ 6.13032443e+00 -1.75392854e+00  1.24930543e+00  3.26918292e+00
  5.90700824e+00  1.72200000e+03]
1-1-15-8.txt [ 6.13306725e+00 -1.74654763e+00  1.29071081e+00  3.30158157e+00
  1.97288886e+00  1.72600000e+03]
1-1-15-9.txt [ 6.13242811e+00 -1.74243534e+00  1.26000767e+00  3.26865552e+00
  2.75793480e-01  1.72600000e+03]
1-1-15-10.txt [ 6.13237321e+00 -1.74955749e+00  1.30246955e+00  3.70090421e+00
  9.12082772e-01  1.72100000e+03]
1-1-15-11.txt [ 6.13295555e+00 -1.75635904e+00  1.27476305e+00  3.28041492e+00
  4.50205163e+00  1.72400000e+03]
1-1-16-0.txt [ 4.95995981e+00 -1.44628215e+00  1.24439329e+00  3.29254669e+00
  2.46465424e+00  1.84800000e+03]
1-1-16-1.txt [ 4.94992590e+00 -1.47013187e+00  1.23071050e+00  3.29360804e+00
  1.24246263e+00  1.86000000e+03]
1-1-16-2.txt [ 4.96123010e+00 -1.44137675e+00  1.25742638e+00  3.30316976e+00
  3.32766758e+00  1.72200000e+03]
1-1-16-3.txt [ 4.95943785e+00 -1.45171673e+00  1.22840702e+00  3.27573234e+00
  6.07122829e+00  1.72600000e+03]
1-1-16-4.txt [ 4.94681686e+00 -1.46344983e+00  1.25231891e+00  3.31053246e+00
  3.51955142e+00  1.72600000e+03]
1-1-16-5.txt [ 4.94320285e+00 -1.47789407e+00  1.21997618e+00  3.30002373e+00
  5.46386313e-01  1.72100000e+03]
1-1-16-6.txt [ 4.95826006e+00 -1.44273204e+00  1.23609710e+00  3.59759552e+00
  1.87736454e-01  1.72600000e+03]
1-1-16-7.txt [ 4.96501171e+00 -1.44516469e+00  1.20934319e+00  3.25948787e+00
  4.30416560e+00  1.71900000e+03]
1-1-16-8.txt [ 4.94537967e+00 -1.47448593e+00  1.24203056e+00  3.31218270e+00
  2.38953584e+00  1.85000000e+03]
1-1-16-9.txt [ 4.97190136e+00 -1.40520037e+00  1.23126620e+00  3.26991907e+00
  5.92377518e+00  1.72700000e+03]
1-1-16-10.txt [ 4.96582043e+00 -1.40913253e+00  1.27524793e+00  3.64380281e+00
  1.56486259e+00  1.72400000e+03]
1-1-16-11.txt [ 4.95518267e+00 -1.43808567e+00  1.27878887e+00  3.31694241e+00
  3.90510399e+00  1.72400000e+03]
1-1-17-0.txt [ 3.79910487e+00 -1.05891681e+00  1.15351629e+00  3.20506475e+00
  1.12761598e+00  1.72600000e+03]
1-1-17-1.txt [ 3.79342705e+00 -1.07162779e+00  1.16711581e+00  3.23638301e+00
  4.06321873e+00  1.72200000e+03]
1-1-17-2.txt [ 3.78446656e+00 -1.08611280e+00  1.18862265e+00  3.25294017e+00
  2.62263832e+00  1.72100000e+03]
1-1-17-3.txt [ 3.79222560e+00 -1.07426768e+00  1.21764892e+00  3.27964997e+00
  1.92424269e+00  1.72600000e+03]
1-1-17-4.txt [ 3.78178871e+00 -1.10170424e+00  1.20029980e+00  3.27176657e+00
  1.39867020e+00  1.72200000e+03]
1-1-17-5.txt [ 3.78634084e+00 -1.07608324e+00  1.18501985e+00  3.25993162e+00
  4.36711389e+00  1.72200000e+03]
1-1-17-6.txt [ 3.79640978e+00 -1.05983842e+00  1.19881940e+00  3.24518888e+00
  5.26397722e+00  1.72600000e+03]
1-1-17-7.txt [ 3.79798460e+00 -1.06841725e+00  1.20814245e+00  3.25153854e+00
  2.41972890e+00  1.72600000e+03]
1-1-17-8.txt [ 3.80006158e+00 -1.06533205e+00  1.17253255e+00  3.26663453e+00
  5.10843472e+00  1.72700000e+03]
1-1-17-9.txt [ 3.78389650e+00 -1.08374059e+00  1.19155395e+00  3.26285148e+00
  1.67968570e+00  1.72400000e+03]
1-1-17-10.txt [ 3.79153031e+00 -1.08244121e+00  1.19536114e+00  3.31034888e+00
  5.94508077e+00  1.72600000e+03]
1-1-17-11.txt [ 3.79749537e+00 -1.05171711e+00  1.21603984e+00  3.25663774e+00
  2.68102311e+00  1.72600000e+03]
1-1-18-0.txt [ 2.64486533e+00 -7.24922355e-01  1.02818906e+00  3.12491121e+00
  3.60997010e+00  1.71700000e+03]
1-1-18-1.txt [ 2.63618642e+00 -7.36893894e-01  1.04658705e+00  3.14575634e+00
  1.29725206e-02  1.72600000e+03]
1-1-18-2.txt [ 2.63524067e+00 -7.14825750e-01  1.04232186e+00  3.12113659e+00
  5.60773266e+00  1.72600000e+03]
1-1-18-3.txt [ 2.63672632e+00 -7.42104526e-01  1.03518266e+00  3.13844125e+00
  4.87631091e+00  1.72600000e+03]
1-1-18-4.txt [ 2.65170544e+00 -6.79632250e-01  1.05611682e+00  3.15879924e+00
  5.01172076e+00  1.72600000e+03]
1-1-18-5.txt [ 2.62908632e+00 -7.46592159e-01  1.06606782e+00  3.16001911e+00
  2.21140939e+00  1.72600000e+03]
1-1-18-6.txt [ 2.63403307e+00 -7.50626744e-01  1.05194777e+00  3.16214311e+00
  1.92183232e-01  1.72600000e+03]
1-1-18-7.txt [ 2.63486421e+00 -7.51452809e-01  1.02093816e+00  3.12857886e+00
  1.91538675e+00  1.72600000e+03]
1-1-18-8.txt [ 2.64812941e+00 -7.18690636e-01  1.06056881e+00  3.14873563e+00
  2.49626219e+00  1.72600000e+03]
1-1-18-9.txt [ 2.64693773e+00 -7.15856558e-01  1.02118218e+00  3.11369188e+00
  2.98399031e+00  1.72600000e+03]
1-1-18-10.txt [ 2.63845450e+00 -7.34220507e-01  1.05352300e+00  3.14968969e+00
  5.07608867e+00  1.72700000e+03]
1-1-18-11.txt [ 2.63177258e+00 -7.71566211e-01  1.08623833e+00  3.20040488e+00
  6.18891643e+00  1.72700000e+03]
1-1-19-0.txt [ 1.49500960e+00 -3.96250607e-01  9.17058585e-01  3.04312058e+00
  3.59065682e+00  1.72200000e+03]
1-1-19-1.txt [ 1.49406528e+00 -3.89488997e-01  9.32759107e-01  3.05716983e+00
  3.02354760e+00  1.95700000e+03]
1-1-19-2.txt [ 1.48724586e+00 -4.01107313e-01  9.99552849e-01  3.10183225e+00
  1.01633784e-01  1.72600000e+03]
1-1-19-3.txt [ 1.48144216e+00 -4.39429225e-01  9.80195820e-01  3.11368461e+00
  5.65137973e-01  1.72200000e+03]
1-1-19-4.txt [ 1.49685341e+00 -3.89606300e-01  9.32893214e-01  3.05186896e+00
  9.68652062e-01  1.91600000e+03]
1-1-19-5.txt [ 1.49714696e+00 -3.99725375e-01  9.65914188e-01  3.08451992e+00
  6.22447046e+00  1.72700000e+03]
1-1-19-6.txt [ 1.48789603e+00 -4.22433614e-01  9.74470141e-01  3.10117361e+00
  4.43261845e+00  1.72700000e+03]
1-1-19-7.txt [ 1.48771059e+00 -4.02981338e-01  9.33039249e-01  3.06494224e+00
  1.09426443e-01  1.75300000e+03]
1-1-19-8.txt [ 1.49103200e+00 -4.23398555e-01  9.57932407e-01  3.08270176e+00
  5.45327233e+00  1.72600000e+03]
1-1-19-9.txt [ 1.47619438e+00 -4.23262417e-01  9.63498239e-01  3.10496251e+00
  2.28633994e+00  1.72600000e+03]
1-1-19-10.txt [ 1.48094732e+00 -4.20462787e-01  9.19965211e-01  3.06383182e+00
  9.68547565e-01  1.72400000e+03]
1-1-19-11.txt [ 1.49055999e+00 -4.06011876e-01  9.55340514e-01  3.08543318e+00
  3.04329921e-01  1.72200000e+03]
1-1-20-0.txt [ 3.14757410e-01 -1.03172179e-01  1.78078824e+00  3.78503803e+00
  5.74343065e+00  1.99500000e+03]
1-1-20-1.txt [ 3.20005894e-01 -8.63051422e-02  1.80457425e+00  3.80302871e+00
  3.19345670e+00  2.00200000e+03]
1-1-20-2.txt [ 3.16043852e-01 -9.54948090e-02  1.78819215e+00  3.78350236e+00
  6.03117056e+00  1.97900000e+03]
1-1-20-3.txt [ 3.15671862e-01 -1.06765211e-01  1.79562139e+00  3.80183407e+00
  4.91281130e+00  2.00400000e+03]
1-1-20-4.txt [ 3.12297825e-01 -1.12118662e-01  1.83450812e+00  3.83500935e+00
  1.82587481e+00  1.99400000e+03]
1-1-20-5.txt [ 3.20054408e-01 -9.83380693e-02  1.80051488e+00  3.80255819e+00
  1.35757525e+00  1.98800000e+03]
1-1-20-6.txt [ 3.25597342e-01 -8.51534653e-02  1.79857439e+00  3.79181221e+00
  8.14236472e-01  1.97000000e+03]
1-1-20-7.txt [ 3.13862326e-01 -1.11183163e-01  1.79157919e+00  3.79827043e+00
  4.31345990e+00  1.98000000e+03]
1-1-20-8.txt [ 3.37649407e-01 -5.03353425e-02  1.78057569e+00  3.75623124e+00
  2.08358869e+00  1.99800000e+03]
1-1-20-9.txt [ 3.18381370e-01 -1.02390949e-01  1.81700664e+00  3.81136246e+00
  1.33781127e+00  1.99300000e+03]
1-1-20-10.txt [ 3.28265901e-01 -9.54677524e-02  1.77408207e+00  3.77291027e+00
  3.00913639e+00  1.72400000e+03]
1-1-20-11.txt [ 3.24426707e-01 -9.22929660e-02  1.82098574e+00  3.80221755e+00
  3.24665456e+00  1.72100000e+03]
1-1-21-0.txt [-7.03869640e-01  2.58071249e-01  1.41664421e+00  3.44110146e+00
  2.32039986e+00  1.72600000e+03]
1-1-21-1.txt [-7.07737501e-01  2.50927749e-01  1.45951110e+00  3.49560050e+00
  4.06838863e+00  1.72600000e+03]
1-1-21-2.txt [-7.08363294e-01  2.30317829e-01  1.45664429e+00  3.49333643e+00
  1.86193096e-01  1.72400000e+03]
1-1-21-3.txt [-7.09239425e-01  2.43199705e-01  1.43585032e+00  3.47127595e+00
  2.33429019e+00  1.72700000e+03]
1-1-21-4.txt [-7.19528851e-01  1.91043738e-01  1.43835770e+00  3.50734373e+00
  1.57278676e+00  1.72400000e+03]
1-1-21-5.txt [-6.98132573e-01  2.70763398e-01  1.45242476e+00  3.47104883e+00
  4.50359659e+00  1.72600000e+03]
1-1-21-6.txt [-7.19821396e-01  2.06355274e-01  1.42794908e+00  3.48030114e+00
  1.94778440e+00  1.72600000e+03]
1-1-21-7.txt [-7.05021445e-01  2.50057640e-01  1.42575383e+00  3.45797569e+00
  1.97268964e-01  1.72600000e+03]
1-1-21-8.txt [-6.93512020e-01  2.53996494e-01  1.44701988e+00  3.48128745e+00
  9.66152757e-01  1.72600000e+03]
1-1-21-9.txt [-7.16060991e-01  2.15894757e-01  1.40666312e+00  3.47312039e+00
  6.22210473e+00  1.71900000e+03]
1-1-21-10.txt [-7.15387163e-01  2.14151562e-01  1.44191336e+00  3.50066527e+00
  4.96852961e+00  1.72700000e+03]
1-1-21-11.txt [-7.00541434e-01  2.43719220e-01  1.46629220e+00  3.49445105e+00
  5.59131931e+00  1.72200000e+03]
1-1-22-0.txt [-1.82339519e+00  5.74520890e-01  8.46748473e-01  3.01260385e+00
  2.21062041e+00  1.72600000e+03]
1-1-22-1.txt [-1.82270140e+00  5.62047783e-01  8.24774392e-01  3.00328342e+00
  4.18195615e+00  1.85300000e+03]
1-1-22-2.txt [-1.82114988e+00  5.77880142e-01  8.26888975e-01  3.00070437e+00
  1.68752082e+00  1.92000000e+03]
1-1-22-3.txt [-1.82183838e+00  5.93752503e-01  8.37486809e-01  2.99143021e+00
  1.17274693e+00  1.72200000e+03]
1-1-22-4.txt [-1.81183231e+00  5.94823600e-01  7.89683047e-01  2.95556639e+00
  3.83947563e+00  1.72400000e+03]
1-1-22-5.txt [-1.83064419e+00  5.45790851e-01  8.14387850e-01  3.01286040e+00
  5.06853765e+00  1.94800000e+03]
1-1-22-6.txt [-1.82371622e+00  5.87213517e-01  8.12325178e-01  2.98287169e+00
  5.96074581e+00  1.95300000e+03]
1-1-22-7.txt [-1.82081568e+00  5.73410512e-01  8.12934876e-01  2.98855200e+00
  3.13187207e+00  1.94900000e+03]
1-1-22-8.txt [-1.81867701e+00  5.87363966e-01  8.66303981e-01  3.01699449e+00
  1.06655818e+00  1.71900000e+03]
1-1-22-9.txt [-1.81860447e+00  5.87611081e-01  8.37465346e-01  2.99693176e+00
  1.00871704e+00  1.72700000e+03]
1-1-22-10.txt [-1.81277680e+00  5.95109936e-01  8.27330350e-01  2.98897543e+00
  4.31825124e+00  1.85600000e+03]
1-1-22-11.txt [-1.81809956e+00  5.80182675e-01  8.34340161e-01  2.99985568e+00
  4.85147620e+00  1.72600000e+03]
1-1-23-0.txt [-2.96723795e+00  9.50528800e-01  9.75959007e-01  3.09555274e+00
  3.03592671e+00  1.72700000e+03]
1-1-23-1.txt [-2.95955420e+00  9.78173969e-01  9.78002249e-01  3.09906648e+00
  5.65877996e+00  1.72600000e+03]
1-1-23-2.txt [-2.95724178e+00  9.82447983e-01  9.43093900e-01  3.07557315e+00
  5.27200151e+00  1.72600000e+03]
1-1-23-3.txt [-2.96906364e+00  9.52759979e-01  9.67804493e-01  3.08657577e+00
  2.89855599e+00  1.72400000e+03]
1-1-23-4.txt [-2.96610933e+00  9.48762117e-01  9.68085049e-01  3.08935925e+00
  5.82861048e+00  1.72600000e+03]
1-1-23-5.txt [-2.96498686e+00  9.62024394e-01  9.92973451e-01  3.11046520e+00
  2.29710532e-01  1.71700000e+03]
1-1-23-6.txt [-2.96564930e+00  9.60119783e-01  9.72373783e-01  3.09458285e+00
  2.91414663e-01  1.72400000e+03]
1-1-23-7.txt [-2.97968429e+00  9.25157664e-01  1.01107394e+00  3.14140510e+00
  4.34924943e+00  1.72700000e+03]
1-1-23-8.txt [-2.96787119e+00  9.48730114e-01  9.70244643e-01  3.09505044e+00
  2.67688992e+00  1.72700000e+03]
1-1-23-9.txt [-2.97662771e+00  9.36962484e-01  9.92839520e-01  3.16811683e+00
  4.63935519e+00  1.72600000e+03]
1-1-23-10.txt [-2.97373295e+00  9.39368368e-01  9.71043471e-01  3.09011936e+00
  3.75576956e+00  1.72700000e+03]
1-1-23-11.txt [-2.96807843e+00  9.68311305e-01  9.95531862e-01  3.11755154e+00
  2.53706817e+00  1.72600000e+03]
1-1-24-0.txt [-4.13166070e+00  1.32965154e+00  1.13626439e+00  3.24134002e+00
  2.74047114e+00  1.72400000e+03]
1-1-24-1.txt [-4.12584484e+00  1.33714849e+00  1.11035407e+00  3.22684918e+00
  5.59576181e+00  1.71700000e+03]
1-1-24-2.txt [-4.12986499e+00  1.33467585e+00  1.13995129e+00  3.53647937e+00
  1.11646739e+00  1.72600000e+03]
1-1-24-3.txt [-4.13336575e+00  1.31389403e+00  1.11643988e+00  3.20849838e+00
  1.80158885e+00  1.72700000e+03]
1-1-24-4.txt [-4.12884748e+00  1.32466001e+00  1.09611672e+00  3.19802158e+00
  1.05742322e+00  1.72400000e+03]
1-1-24-5.txt [-4.12017727e+00  1.36233359e+00  1.08845079e+00  3.22409102e+00
  3.29241337e+00  1.72700000e+03]
1-1-24-6.txt [-4.13326562e+00  1.29837215e+00  1.13772237e+00  3.22059803e+00
  3.63965958e+00  1.72400000e+03]
1-1-24-7.txt [-4.12469537e+00  1.34441829e+00  1.11675852e+00  3.23658881e+00
  4.08684992e+00  1.72600000e+03]
1-1-24-8.txt [-4.13306463e+00  1.32739342e+00  1.13558691e+00  3.23609022e+00
  3.60665328e+00  1.72700000e+03]
1-1-24-9.txt [-4.12718445e+00  1.31429219e+00  1.13485307e+00  3.23605149e+00
  4.49042650e+00  1.72400000e+03]
1-1-24-10.txt [-4.13768524e+00  1.30025786e+00  1.11090488e+00  3.20629862e+00
  1.07964162e+00  1.72600000e+03]
1-1-24-11.txt [-4.11796719e+00  1.35267592e+00  1.12717903e+00  3.24493799e+00
  1.88980267e+00  1.72600000e+03]
1-1-25-0.txt [-5.29009574e+00  1.65664858e+00  1.17818880e+00  3.26261797e+00
  1.78613354e+00  1.72400000e+03]
1-1-25-1.txt [-5.29140944e+00  1.63544846e+00  1.15278119e+00  3.23634600e+00
  3.39460245e+00  1.72600000e+03]
1-1-25-2.txt [-5.29587269e+00  1.64134591e+00  1.11940962e+00  3.21454060e+00
  2.18771251e+00  1.72600000e+03]
1-1-25-3.txt [-5.29756498e+00  1.65130777e+00  1.18512392e+00  3.70818651e+00
  5.95494770e-01  1.72400000e+03]
1-1-25-4.txt [-5.30592693e+00  1.60920399e+00  1.18344771e+00  3.28535948e+00
  1.80649035e+00  1.72200000e+03]
1-1-25-5.txt [-5.30648541e+00  1.60585612e+00  1.13727784e+00  3.34893130e+00
  4.30783057e+00  1.72400000e+03]
1-1-25-6.txt [-5.30035383e+00  1.63617926e+00  1.14733916e+00  3.24224087e+00
  4.87658594e+00  1.72100000e+03]
1-1-25-7.txt [-5.29678458e+00  1.61697739e+00  1.17032087e+00  3.26494962e+00
  1.75249134e+00  1.72100000e+03]
1-1-25-8.txt [-5.30547607e+00  1.59785962e+00  1.18666000e+00  3.35308496e+00
  7.05771983e-01  1.72100000e+03]
1-1-25-9.txt [-5.29948950e+00  1.63629705e+00  1.13643563e+00  3.22642245e+00
  2.61673684e+00  1.72600000e+03]
1-1-25-10.txt [-5.31196564e+00  1.59066058e+00  1.15941477e+00  3.28309330e+00
  2.85720778e+00  1.72400000e+03]
1-1-25-11.txt [-5.29158323e+00  1.67272329e+00  1.08527768e+00  3.19891865e+00
  4.42140843e+00  1.72200000e+03]
1-1-26-0.txt [-6.50117862e+00  1.90204978e+00  1.09992683e+00  3.43196555e+00
  4.02358070e-01  1.96800000e+03]
1-1-26-1.txt [-6.49632067e+00  1.89723909e+00  1.12966335e+00  3.48009544e+00
  3.10255432e+00  1.96400000e+03]
1-1-26-2.txt [-6.49007058e+00  1.91150427e+00  1.10030317e+00  3.40271562e+00
  5.36035563e+00  1.96800000e+03]
1-1-26-3.txt [-6.48790270e+00  1.92737036e+00  1.06779528e+00  3.41514468e+00
  3.07656011e+00  1.97100000e+03]
1-1-26-4.txt [-6.47285998e+00  1.94321239e+00  1.08686823e+00  3.38626727e+00
  5.78584852e+00  1.96700000e+03]
1-1-26-5.txt [-6.48718940e+00  1.92666299e+00  1.10621094e+00  3.24627220e+00
  3.82311077e+00  1.96900000e+03]
1-1-26-6.txt [-6.47129643e+00  1.95193618e+00  1.07688541e+00  3.39854491e+00
  3.00842761e+00  1.96900000e+03]
1-1-26-7.txt [-6.48726785e+00  1.95133591e+00  1.11478031e+00  3.41683843e+00
  9.44912846e-01  1.96600000e+03]
1-1-26-8.txt [-6.47701282e+00  1.93585295e+00  1.10129697e+00  3.38080338e+00
  5.94213849e+00  1.96700000e+03]
1-1-26-9.txt [-6.45510757e+00  2.01058304e+00  1.07800448e+00  3.46032199e+00
  2.10579956e+00  1.96800000e+03]
1-1-26-10.txt [-6.48044050e+00  1.96438092e+00  1.09897959e+00  3.35024246e+00
  2.95805635e+00  1.96900000e+03]
1-1-26-11.txt [-6.47326183e+00  1.95204973e+00  1.10517800e+00  3.44322468e+00
  6.22329044e+00  1.96700000e+03]
1-1-27-0.txt [-7.62829787e+00  2.29514665e+00  1.08058649e+00  3.22656235e+00
  1.76410610e+00  1.96900000e+03]
1-1-27-1.txt [-7.61603779e+00  2.31658960e+00  1.06590694e+00  3.20334629e+00
  3.94366196e+00  1.96900000e+03]
1-1-27-2.txt [-7.62775272e+00  2.29598183e+00  1.07593417e+00  3.22795046e+00
  1.20306941e+00  1.97000000e+03]
1-1-27-3.txt [-7.63279373e+00  2.27597702e+00  1.08555204e+00  3.23789369e+00
  3.68418436e+00  1.96900000e+03]
1-1-27-4.txt [-7.63246209e+00  2.28598482e+00  1.07375002e+00  3.23856955e+00
  1.49795676e+00  1.96600000e+03]
1-1-27-5.txt [-7.62246274e+00  2.28978801e+00  1.06252939e+00  3.22288424e+00
  4.27145928e+00  1.96600000e+03]
1-1-27-6.txt [-7.63287080e+00  2.26814175e+00  1.05715882e+00  3.22360294e+00
  1.58696802e-01  1.96900000e+03]
1-1-27-7.txt [-7.62048608e+00  2.30106181e+00  1.08026099e+00  3.21483823e+00
  9.99685103e-01  1.96800000e+03]
1-1-27-8.txt [-7.61721326e+00  2.31459963e+00  1.09258318e+00  3.23250236e+00
  1.03687276e+00  1.96800000e+03]
1-1-27-9.txt [-7.63233035e+00  2.28318703e+00  1.08242255e+00  3.24645786e+00
  4.73105858e+00  1.96700000e+03]
1-1-27-10.txt [-7.62537068e+00  2.28514945e+00  1.10588318e+00  3.26335299e+00
  1.74572205e+00  1.96300000e+03]
1-1-28-0.txt [-8.76910698e+00  2.70994759e+00  1.29370755e+00  3.39401360e+00
  3.41622390e+00  1.72600000e+03]
1-1-28-1.txt [-8.76808572e+00  2.72970677e+00  1.29352671e+00  3.39963536e+00
  5.97557298e+00  1.72100000e+03]
1-1-28-2.txt [-8.75715673e+00  2.75727165e+00  1.29617846e+00  3.41898589e+00
  9.19740131e-01  1.72400000e+03]
1-1-28-3.txt [-8.75470209e+00  2.75497449e+00  1.31181765e+00  3.43074905e+00
  1.00216795e+00  1.72600000e+03]
1-1-28-4.txt [-8.76962936e+00  2.72166818e+00  1.33099091e+00  3.44359328e+00
  5.91398941e+00  1.72400000e+03]
1-1-28-5.txt [-8.76983535e+00  2.73060631e+00  1.30126857e+00  3.41091332e+00
  1.22568919e+00  1.72200000e+03]
1-1-29-0.txt [-9.92114895e+00  3.09889966e+00  1.29229289e+00  3.42318659e+00
  2.58917843e+00  1.72400000e+03]
1-1-29-1.txt [-9.92746711e+00  3.09249121e+00  1.29573267e+00  3.43071838e+00
  1.40795935e+00  1.72400000e+03]
1-1-29-2.txt [-9.91239476e+00  3.15167338e+00  1.30508894e+00  3.47011419e+00
  4.30425448e+00  1.71900000e+03]
1-1-29-3.txt [-9.92924768e+00  3.07092303e+00  1.24504053e+00  3.37556495e+00
  7.34007490e-01  1.72600000e+03]
1-1-30-0.txt [-1.10715625e+01  3.46051622e+00  1.26168221e+00  3.37310406e+00
  5.80719571e+00  1.71900000e+03]
1-1-30-1.txt [-1.10941261e+01  3.40660017e+00  1.29985750e+00  3.42609397e+00
  2.06466522e+00  1.72400000e+03]
1-1-30-2.txt [-1.10736889e+01  3.43848086e+00  1.27298302e+00  3.38712805e+00
  5.51646995e+00  1.72100000e+03]
1-1-31-0.txt [-1.21978931e+01  3.83495516e+00  1.21343362e+00  3.35392095e+00
  5.86771805e+00  1.96600000e+03]
1-1-31-1.txt [-1.21972742e+01  3.82833797e+00  1.21280241e+00  3.35164325e+00
  6.58952140e-01  1.97000000e+03]
2-5-347-0.txt [ 1.39393618e+01 -5.57173652e+00  1.55248970e+00  3.89274392e+00
  2.07580245e+00  1.72400000e+03]
2-5-348-0.txt [ 1.28185197e+01 -5.14697999e+00  1.54874105e+00  3.36308582e+00
  2.77254128e+00  1.72400000e+03]
2-5-348-1.txt [ 1.28217524e+01 -5.13895697e+00  1.54189885e+00  3.36230537e+00
  4.65882233e+00  1.72100000e+03]
2-5-349-0.txt [ 1.16689821e+01 -4.78168017e+00  1.37098563e+00  3.28352317e+00
  1.37598524e+00  1.84700000e+03]
2-5-349-1.txt [ 1.16725603e+01 -4.75242877e+00  1.37735564e+00  3.28172910e+00
  2.56554349e-01  1.71900000e+03]
2-5-350-0.txt [ 1.05551225e+01 -4.30209332e+00  1.44699067e+00  3.40082102e+00
  4.21779338e-01  1.71900000e+03]
2-5-350-1.txt [ 1.05607855e+01 -4.29394609e+00  1.42427182e+00  3.31200459e+00
  5.04706684e+00  1.72200000e+03]
2-5-350-2.txt [ 1.05750630e+01 -4.27267033e+00  1.45346922e+00  3.39438191e+00
  5.48273774e-01  1.72200000e+03]
2-5-351-0.txt [ 9.44630343e+00 -3.82217986e+00  1.42014427e+00  3.31036772e+00
  5.27097264e+00  1.72600000e+03]
2-5-351-1.txt [ 9.43897748e+00 -3.82184565e+00  1.44141687e+00  4.53147096e+00
  5.79871202e+00  1.71400000e+03]
2-5-351-2.txt [ 9.42942905e+00 -3.85240746e+00  1.45653093e+00  3.36309024e+00
  2.47626957e+00  1.72200000e+03]
2-5-351-3.txt [ 9.43670547e+00 -3.84578192e+00  1.40653647e+00  4.46069828e+00
  5.73663891e+00  1.72100000e+03]
2-5-351-4.txt [ 9.43696004e+00 -3.84477860e+00  1.40045023e+00  4.47377073e+00
  5.23352270e+00  1.84300000e+03]
2-5-352-0.txt [ 8.33781582e+00 -3.35658121e+00  1.43800890e+00  3.85392283e+00
  3.99609253e+00  1.72200000e+03]
2-5-352-1.txt [ 8.34284395e+00 -3.33735454e+00  1.40969037e+00  3.32849179e+00
  3.23209598e+00  1.71400000e+03]
2-5-352-2.txt [ 8.32797688e+00 -3.35350621e+00  1.42951882e+00  3.82686737e+00
  3.62501040e+00  1.72200000e+03]
2-5-352-3.txt [ 8.34334988e+00 -3.32836353e+00  1.44516343e+00  4.12823924e+00
  3.00656699e+00  1.72400000e+03]
2-5-352-4.txt [ 8.33008057e+00 -3.36367154e+00  1.43885857e+00  3.33368893e+00
  3.37557982e+00  1.71700000e+03]
2-5-352-5.txt [ 8.32919287e+00 -3.36761934e+00  1.46831680e+00  4.13428531e+00
  2.24394067e+00  1.72600000e+03]
2-5-352-6.txt [ 8.32676994e+00 -3.36354858e+00  1.45939261e+00  3.35600995e+00
  1.55477620e+00  1.72100000e+03]
2-5-353-0.txt [ 7.18777329e+00 -2.97883642e+00  1.30666644e+00  3.27668607e+00
  7.54281987e-01  1.72600000e+03]
2-5-353-1.txt [ 7.19804085e+00 -2.95639574e+00  1.33171344e+00  3.28453305e+00
  8.78928697e-01  1.72600000e+03]
2-5-353-2.txt [ 7.16393351e+00 -3.02320707e+00  1.31856418e+00  3.32103632e+00
  8.80701765e-01  1.72400000e+03]
2-5-353-3.txt [ 7.19208079e+00 -2.93659097e+00  1.33496511e+00  3.28000682e+00
  4.29172600e+00  1.72600000e+03]
2-5-353-4.txt [ 7.20758575e+00 -2.93431741e+00  1.32033461e+00  3.26166458e+00
  5.01663969e+00  1.72100000e+03]
2-5-353-5.txt [ 7.20690131e+00 -2.91593337e+00  1.31191814e+00  3.26964841e+00
  4.85237167e-01  1.72200000e+03]
2-5-353-6.txt [ 7.18739927e+00 -2.98226750e+00  1.30549675e+00  3.26325795e+00
  9.71638498e-01  1.72400000e+03]
2-5-353-7.txt [ 7.20094037e+00 -2.95533865e+00  1.31433552e+00  3.27999258e+00
  6.26498944e+00  1.71600000e+03]
2-5-353-8.txt [ 7.18916000e+00 -2.95020104e+00  1.34498160e+00  3.29779408e+00
  5.79620432e+00  1.72600000e+03]
2-5-353-9.txt [ 7.20786530e+00 -2.93229735e+00  1.33628517e+00  3.28342714e+00
  3.26885453e+00  1.72400000e+03]
2-5-353-10.txt [ 7.19735342e+00 -2.95726412e+00  1.35473084e+00  3.30380790e+00
  5.59265668e+00  1.72200000e+03]
2-5-354-0.txt [ 6.08223909e+00 -2.50310195e+00  1.29501986e+00  3.25449173e+00
  4.26834717e+00  1.72400000e+03]
2-5-354-1.txt [ 6.09302980e+00 -2.48083174e+00  1.27378076e+00  3.23968457e+00
  5.36457313e+00  1.72200000e+03]
2-5-354-2.txt [ 6.06806415e+00 -2.53143835e+00  1.31936622e+00  3.29991594e+00
  1.00508794e+00  1.72600000e+03]
2-5-354-3.txt [ 6.06703591e+00 -2.53594565e+00  1.30815148e+00  3.29794456e+00
  3.26010981e+00  1.72600000e+03]
2-5-354-4.txt [ 6.09248578e+00 -2.47896987e+00  1.29482716e+00  3.26008282e+00
  1.69799569e+00  1.72200000e+03]
2-5-354-5.txt [ 6.07291443e+00 -2.51725054e+00  1.30896193e+00  3.27408578e+00
  2.24305871e+00  1.71100000e+03]
2-5-354-6.txt [ 6.07983876e+00 -2.51009172e+00  1.30349928e+00  3.26052969e+00
  2.82451062e+00  1.71900000e+03]
2-5-354-7.txt [ 6.06369781e+00 -2.53765453e+00  1.29057688e+00  3.27387577e+00
  2.11338785e+00  1.72400000e+03]
2-5-354-8.txt [ 6.07499677e+00 -2.49275649e+00  1.31055897e+00  3.26844451e+00
  2.85341425e+00  1.72400000e+03]
2-5-354-9.txt [ 6.06663960e+00 -2.53828639e+00  1.32966125e+00  3.30483020e+00
  4.31205374e+00  1.72600000e+03]
2-5-354-10.txt [ 6.07744068e+00 -2.49276006e+00  1.32841301e+00  3.27788656e+00
  1.01066618e+00  1.72600000e+03]
2-5-354-11.txt [ 6.08112806e+00 -2.50304836e+00  1.32160437e+00  3.27591800e+00
  4.30261329e+00  1.72100000e+03]
2-5-355-0.txt [ 4.95569044e+00 -2.02730756e+00  1.28051466e+00  3.26229481e+00
  3.00983393e+00  1.72600000e+03]
2-5-355-1.txt [ 4.95782989e+00 -2.02786439e+00  1.27976137e+00  3.26243813e+00
  2.48788616e+00  1.72600000e+03]
2-5-355-2.txt [ 4.96319735e+00 -2.03737289e+00  1.28928763e+00  3.27102753e+00
  1.75594944e+00  1.72600000e+03]
2-5-355-3.txt [ 4.96210557e+00 -2.01586819e+00  1.25110107e+00  3.25719112e+00
  3.58129761e+00  1.72600000e+03]
2-5-355-4.txt [ 4.97020311e+00 -2.00730788e+00  1.26186949e+00  3.26582775e+00
  5.62220016e+00  1.72400000e+03]
2-5-355-5.txt [ 4.96025568e+00 -2.02233660e+00  1.28345864e+00  3.26246539e+00
  1.11800373e+00  1.72600000e+03]
2-5-355-6.txt [ 4.95807576e+00 -2.03621698e+00  1.28818184e+00  3.27210941e+00
  3.75732460e-01  1.72600000e+03]
2-5-355-7.txt [ 4.95924794e+00 -2.03534430e+00  1.25312443e+00  3.23517138e+00
  3.06112945e+00  1.72400000e+03]
2-5-355-8.txt [ 4.96646136e+00 -2.02399790e+00  1.29671753e+00  3.28735834e+00
  3.90121531e+00  1.72400000e+03]
2-5-355-9.txt [ 4.96079755e+00 -2.02926201e+00  1.26470315e+00  3.24635275e+00
  4.31782515e+00  1.71900000e+03]
2-5-355-10.txt [ 4.95627296e+00 -2.04104035e+00  1.28559589e+00  3.25816970e+00
  2.08451010e-01  1.72400000e+03]
2-5-355-11.txt [ 4.97365791e+00 -1.99599755e+00  1.28362441e+00  3.28670042e+00
  4.75632407e+00  1.72600000e+03]
2-5-356-0.txt [ 3.86720502e+00 -1.53595144e+00  1.21466928e+00  3.26396854e+00
  2.87577514e+00  1.72100000e+03]
2-5-356-1.txt [ 3.85625881e+00 -1.54703355e+00  1.22912502e+00  3.25910870e+00
  4.35553987e+00  1.72400000e+03]
2-5-356-2.txt [ 3.84501731e+00 -1.57046646e+00  1.21918589e+00  3.24086154e+00
  5.82164358e+00  1.71700000e+03]
2-5-356-3.txt [ 3.85072160e+00 -1.54216969e+00  1.23143298e+00  3.26616761e+00
  3.85117436e+00  1.72700000e+03]
2-5-356-4.txt [ 3.84742969e+00 -1.57648361e+00  1.21836424e+00  3.24138895e+00
  2.83267235e+00  1.72600000e+03]
2-5-356-5.txt [ 3.84799857e+00 -1.54656422e+00  1.21632815e+00  3.25708764e+00
  6.26070485e+00  1.72600000e+03]
2-5-356-6.txt [ 3.85010791e+00 -1.55070329e+00  1.22734964e+00  3.25755811e+00
  3.76737026e+00  1.72600000e+03]
2-5-356-7.txt [ 3.84770859e+00 -1.55825591e+00  1.21224594e+00  3.24346637e+00
  1.57810074e+00  1.72400000e+03]
2-5-356-8.txt [ 3.83988118e+00 -1.58507281e+00  1.21334296e+00  3.23023407e+00
  5.07506729e+00  1.72600000e+03]
2-5-356-9.txt [ 3.85011262e+00 -1.56952131e+00  1.18106323e+00  3.21356245e+00
  6.36345256e-02  1.72400000e+03]
2-5-356-10.txt [ 3.83542591e+00 -1.60150528e+00  1.20325595e+00  3.20604872e+00
  1.12072578e+00  1.72400000e+03]
2-5-356-11.txt [ 3.83918828e+00 -1.59452134e+00  1.20004708e+00  3.22194706e+00
  7.42154952e-01  1.72700000e+03]
2-5-357-0.txt [ 2.71272367e+00 -1.12370449e+00  1.05557215e+00  3.10529659e+00
  3.94398582e+00  1.72600000e+03]
2-5-357-1.txt [ 2.70376998e+00 -1.14663899e+00  1.05583012e+00  3.09627410e+00
  5.61686652e+00  1.72600000e+03]
2-5-357-2.txt [ 2.71032387e+00 -1.11087001e+00  1.09258813e+00  3.14511069e+00
  4.31668342e-01  1.72600000e+03]
2-5-357-3.txt [ 2.71079677e+00 -1.12974363e+00  1.06214648e+00  3.09313775e+00
  3.57809471e-01  1.72100000e+03]
2-5-357-4.txt [ 2.71867657e+00 -1.10130787e+00  1.06093389e+00  3.11721935e+00
  2.69849384e+00  1.72700000e+03]
2-5-357-5.txt [ 2.71561474e+00 -1.11151196e+00  1.05970740e+00  3.11304566e+00
  5.01911268e+00  1.72600000e+03]
2-5-357-6.txt [ 2.71192504e+00 -1.12603962e+00  1.08097106e+00  3.12475470e+00
  2.52619462e+00  1.72400000e+03]
2-5-357-7.txt [ 2.71129608e+00 -1.12419468e+00  1.05330616e+00  3.10142392e+00
  4.41836862e+00  1.72600000e+03]
2-5-357-8.txt [ 2.71527594e+00 -1.13327801e+00  1.08328670e+00  3.12122688e+00
  5.99334659e+00  1.72400000e+03]
2-5-357-9.txt [ 2.70263976e+00 -1.13792086e+00  1.06468242e+00  3.11326848e+00
  2.00979494e+00  1.72400000e+03]
2-5-357-10.txt [ 2.71662742e+00 -1.11701900e+00  1.06416112e+00  3.11642012e+00
  9.82070855e-01  1.71900000e+03]
2-5-357-11.txt [ 2.70500714e+00 -1.12863707e+00  1.05815881e+00  3.10123371e+00
  2.86391258e+00  1.72600000e+03]
2-5-358-0.txt [ 1.60856759e+00 -6.49789279e-01  9.12371937e-01  3.05878932e+00
  2.78417333e+00  1.72200000e+03]
2-5-358-1.txt [ 1.60693527e+00 -6.73718689e-01  8.56660603e-01  3.00125925e+00
  2.07794024e+00  1.72200000e+03]
2-5-358-2.txt [ 1.60864019e+00 -6.41907984e-01  9.35616792e-01  3.08024102e+00
  1.40736407e-01  1.72400000e+03]
2-5-358-3.txt [ 1.59710186e+00 -6.77835225e-01  8.77591727e-01  3.02342890e+00
  6.90976823e-01  1.72700000e+03]
2-5-358-4.txt [ 1.59776241e+00 -6.78709565e-01  8.86050762e-01  3.03592007e+00
  5.56283715e+00  1.72600000e+03]
2-5-358-5.txt [ 1.58976448e+00 -6.94698631e-01  9.00928019e-01  3.02237173e+00
  5.82699642e+00  1.72600000e+03]
2-5-358-6.txt [ 1.60143822e+00 -6.59307006e-01  9.11555409e-01  3.06661609e+00
  2.98869244e+00  1.72600000e+03]
2-5-358-7.txt [ 1.59256220e+00 -6.71098644e-01  9.23188030e-01  3.05269846e+00
  5.23005235e+00  1.72600000e+03]
2-5-358-8.txt [ 1.60014337e+00 -6.70481140e-01  8.64776195e-01  3.01942207e+00
  7.24675031e-01  1.72400000e+03]
2-5-358-9.txt [ 1.58719039e+00 -6.89447940e-01  9.31798570e-01  3.06659567e+00
  1.02193873e+00  1.72600000e+03]
2-5-358-10.txt [ 1.60771221e+00 -6.60141050e-01  8.92284151e-01  3.03629667e+00
  4.96151319e+00  1.72200000e+03]
2-5-358-11.txt [ 1.61237508e+00 -6.48488340e-01  8.93193125e-01  3.05805837e+00
  2.61770410e+00  1.72600000e+03]
2-5-359-0.txt [ 4.78196977e-01 -1.83913532e-01  1.66635156e+00  3.70083479e+00
  4.09212880e+00  1.71100000e+03]
2-5-359-1.txt [ 4.87739091e-01 -1.86461273e-01  1.65177262e+00  3.67887247e+00
  3.44658954e+00  1.72600000e+03]
2-5-359-2.txt [ 4.94004609e-01 -1.78112679e-01  1.66951180e+00  3.71388083e+00
  2.74976758e+00  1.70300000e+03]
2-5-359-3.txt [ 4.66266100e-01 -2.09968809e-01  1.68692959e+00  3.70195392e+00
  6.14374271e+00  1.84700000e+03]
2-5-359-4.txt [ 4.80500578e-01 -1.99707694e-01  1.69758392e+00  3.71590490e+00
  5.98514481e+00  1.86400000e+03]
2-5-359-5.txt [ 4.82392372e-01 -1.84032442e-01  1.70270712e+00  3.73111984e+00
  1.52798494e+00  1.72400000e+03]
2-5-359-6.txt [ 4.86519104e-01 -1.71700296e-01  1.70785016e+00  3.73375845e+00
  5.17719099e+00  1.71400000e+03]
2-5-359-7.txt [ 4.70045569e-01 -2.10186779e-01  1.69811672e+00  3.71214475e+00
  4.81229514e+00  1.85100000e+03]
2-5-359-8.txt [ 4.71868041e-01 -2.05428899e-01  1.69573784e+00  3.71868762e+00
  3.27930977e+00  1.72200000e+03]
2-5-359-9.txt [ 4.71248090e-01 -2.08805737e-01  1.67149771e+00  3.69294094e+00
  2.05350213e+00  1.74400000e+03]
2-5-359-10.txt [ 4.85836378e-01 -1.78811605e-01  1.68229633e+00  3.70584606e+00
  2.23736062e+00  1.72600000e+03]
2-5-359-11.txt [ 4.73489406e-01 -2.25038349e-01  1.66871595e+00  3.68377976e+00
  2.18164966e+00  1.72400000e+03]
2-5-360-0.txt [-5.08195216e-01  1.80371175e-01  1.61096091e+00  3.65483765e+00
  4.05418410e+00  1.88700000e+03]
2-5-360-1.txt [-5.06861388e-01  1.66243550e-01  1.61181808e+00  3.64875075e+00
  2.99400972e+00  1.71900000e+03]
2-5-360-2.txt [-5.12925623e-01  1.64458752e-01  1.60637218e+00  3.64751422e+00
  6.19351941e+00  1.72700000e+03]
2-5-360-3.txt [-4.92355697e-01  2.11599889e-01  1.59582293e+00  3.65398844e+00
  1.20771283e+00  1.84300000e+03]
2-5-360-4.txt [-5.01922371e-01  2.03932403e-01  1.61069178e+00  3.67102754e+00
  2.11641274e+00  1.86000000e+03]
2-5-360-5.txt [-5.04447583e-01  1.90212074e-01  1.60472072e+00  3.64522407e+00
  5.54218935e+00  1.72100000e+03]
2-5-360-6.txt [-5.00416335e-01  2.03583179e-01  1.63107312e+00  3.67665560e+00
  2.75734902e+00  1.88700000e+03]
2-5-360-7.txt [-5.10118656e-01  1.85792332e-01  1.59898835e+00  3.63752303e+00
  5.40204199e+00  1.85500000e+03]
2-5-360-8.txt [-4.94647446e-01  2.13604688e-01  1.60443116e+00  3.66436735e+00
  5.79554937e+00  1.72600000e+03]
2-5-360-9.txt [-5.05749468e-01  1.95031938e-01  1.59360456e+00  3.64304353e+00
  5.51961748e+00  1.72600000e+03]
2-5-360-10.txt [-4.99511897e-01  2.11759867e-01  1.57108945e+00  3.63135183e+00
  4.29811122e+00  1.71200000e+03]
2-5-360-11.txt [-5.04728379e-01  1.96327922e-01  1.61926192e+00  3.65769643e+00
  3.94961180e+00  1.72400000e+03]
2-5-361-0.txt [-1.59695215e+00  6.32029772e-01  7.78155149e-01  3.00647312e+00
  5.71543053e+00  1.72600000e+03]
2-5-361-1.txt [-1.61355346e+00  6.01453959e-01  7.94270638e-01  3.00141165e+00
  3.99788656e-02  1.72700000e+03]
2-5-361-2.txt [-1.61161941e+00  6.07819437e-01  8.22449206e-01  3.01677898e+00
  3.28383940e+00  1.71900000e+03]
2-5-361-3.txt [-1.60597467e+00  6.04103088e-01  8.30997774e-01  3.02808681e+00
  2.22277814e+00  1.72100000e+03]
2-5-361-4.txt [-1.60822772e+00  6.05421069e-01  7.79155074e-01  2.99502836e+00
  4.73709865e+00  1.72600000e+03]
2-5-361-5.txt [-1.61681974e+00  5.98658558e-01  8.44304443e-01  3.03610007e+00
  5.07629471e+00  1.72400000e+03]
2-5-361-6.txt [-1.60687125e+00  6.24800681e-01  8.05914693e-01  3.02299685e+00
  4.43348018e+00  1.72400000e+03]
2-5-361-7.txt [-1.59909195e+00  6.25630556e-01  8.06854785e-01  3.02265659e+00
  6.66105154e-01  1.72400000e+03]
2-5-361-8.txt [-1.62315953e+00  5.70478798e-01  8.10665730e-01  2.98856607e+00
  8.42179530e-02  1.72600000e+03]
2-5-361-9.txt [-1.60765022e+00  6.02937340e-01  8.12951027e-01  3.01218885e+00
  2.55298392e-01  1.72600000e+03]
2-5-361-10.txt [-1.61392451e+00  5.98056254e-01  8.13576993e-01  3.01075268e+00
  2.64034804e+00  1.72400000e+03]
2-5-361-11.txt [-1.59427530e+00  6.27247810e-01  8.28859145e-01  3.04116643e+00
  4.13164210e+00  1.70600000e+03]
2-5-362-0.txt [-2.74372000e+00  1.01082170e+00  9.18975477e-01  3.09363266e+00
  3.79140120e+00  1.72100000e+03]
2-5-362-1.txt [-2.74706882e+00  9.94403115e-01  9.08039216e-01  3.07563940e+00
  3.70275870e+00  1.72400000e+03]
2-5-362-2.txt [-2.73885018e+00  1.01281577e+00  9.14163648e-01  3.09291351e+00
  5.87025480e+00  1.72700000e+03]
2-5-362-3.txt [-2.74040371e+00  1.01323629e+00  8.56057463e-01  3.04331488e+00
  7.48381700e-01  1.72400000e+03]
2-5-362-4.txt [-2.73873484e+00  1.01497817e+00  9.13193407e-01  3.08862233e+00
  5.72126769e+00  1.72700000e+03]
2-5-362-5.txt [-2.75373262e+00  9.69715002e-01  9.08576962e-01  3.06620284e+00
  4.59073556e+00  1.72600000e+03]
2-5-362-6.txt [-2.73986041e+00  1.00711786e+00  8.91566577e-01  3.07169449e+00
  2.08541572e+00  1.72400000e+03]
2-5-362-7.txt [-2.74483335e+00  1.00024080e+00  9.07705667e-01  3.07735249e+00
  1.40756380e+00  1.72600000e+03]
2-5-362-8.txt [-2.74371636e+00  1.00914311e+00  8.67481951e-01  3.04937316e+00
  6.91050398e-01  1.72700000e+03]
2-5-362-9.txt [-2.73906135e+00  1.00257850e+00  8.92506599e-01  3.05319566e+00
  4.15957907e+00  1.71700000e+03]
2-5-362-10.txt [-2.72698336e+00  1.03832310e+00  8.99860857e-01  3.08959494e+00
  2.42477365e+00  1.72600000e+03]
2-5-362-11.txt [-2.73205263e+00  1.02422339e+00  8.60518156e-01  3.05969790e+00
  1.48144193e+00  1.72700000e+03]
2-5-363-0.txt [-3.90237468e+00  1.38286900e+00  9.91622331e-01  3.15270030e+00
  3.36477576e+00  1.72600000e+03]
2-5-363-1.txt [-3.88417142e+00  1.43844021e+00  1.00660962e+00  3.16267745e+00
  4.90696794e+00  1.72400000e+03]
2-5-363-2.txt [-3.89004707e+00  1.43012446e+00  1.00651085e+00  3.16122019e+00
  4.26652907e+00  1.72100000e+03]
2-5-363-3.txt [-3.89956177e+00  1.39662886e+00  1.00814271e+00  3.14933593e+00
  3.22191224e+00  1.72200000e+03]
2-5-363-4.txt [-3.88912422e+00  1.41890419e+00  1.03630888e+00  3.17116668e+00
  1.59487433e-01  1.72600000e+03]
2-5-363-5.txt [-3.89580255e+00  1.40659624e+00  1.03795725e+00  3.17244410e+00
  2.00581159e+00  1.72600000e+03]
2-5-363-6.txt [-3.88761013e+00  1.42659819e+00  1.05166752e+00  3.19274679e+00
  2.95279770e+00  1.72600000e+03]
2-5-363-7.txt [-3.88123781e+00  1.44630819e+00  1.01933074e+00  3.18168558e+00
  3.16033626e+00  1.72600000e+03]
2-5-363-8.txt [-3.89377045e+00  1.41462648e+00  9.99702573e-01  3.14128999e+00
  3.54775839e+00  1.72200000e+03]
2-5-363-9.txt [-3.89563584e+00  1.39627236e+00  9.97574328e-01  3.14257889e+00
  1.02709949e+00  1.72400000e+03]
2-5-363-10.txt [-3.88927293e+00  1.40681506e+00  1.00567203e+00  3.14807537e+00
  2.99378766e+00  1.72200000e+03]
2-5-363-11.txt [-3.88911343e+00  1.42216265e+00  1.03004015e+00  3.17849769e+00
  8.71836630e-01  1.72200000e+03]
2-5-364-0.txt [-5.00727427e+00  1.87402773e+00  1.03426457e+00  3.20673562e+00
  4.10581259e+00  1.72600000e+03]
2-5-364-1.txt [-4.98918813e+00  1.89064968e+00  1.05718792e+00  3.22838505e+00
  3.83847208e+00  1.72600000e+03]
2-5-364-2.txt [-5.01739461e+00  1.87408232e+00  1.04875881e+00  3.20237729e+00
  9.10906770e-01  1.72100000e+03]
2-5-364-3.txt [-5.02109426e+00  1.82956827e+00  1.04935593e+00  3.19531956e+00
  2.02492791e+00  1.72400000e+03]
2-5-364-4.txt [-5.01897353e+00  1.83869505e+00  1.07673490e+00  3.21490921e+00
  9.14399130e-01  1.72200000e+03]
2-5-364-5.txt [-5.01017928e+00  1.86887777e+00  1.06932390e+00  3.21582044e+00
  6.05461980e+00  1.72200000e+03]
2-5-364-6.txt [-5.00404638e+00  1.86906791e+00  1.05046206e+00  3.21346689e+00
  1.66688068e+00  1.72400000e+03]
2-5-364-7.txt [-5.01083792e+00  1.87415678e+00  1.06798148e+00  3.22178653e+00
  3.63474703e+00  1.72400000e+03]
2-5-364-8.txt [-5.01744723e+00  1.85691214e+00  1.03453398e+00  3.18151120e+00
  4.56211251e+00  1.72200000e+03]
2-5-364-9.txt [-5.01672161e+00  1.84336865e+00  1.03947293e+00  3.18763153e+00
  2.50527838e+00  1.72700000e+03]
2-5-364-10.txt [-5.01491654e+00  1.86060094e+00  1.07995242e+00  3.22679442e+00
  4.83740872e+00  1.72600000e+03]
2-5-364-11.txt [-4.99764603e+00  1.89557862e+00  1.10090887e+00  3.26143495e+00
  2.02305548e-01  1.72400000e+03]
2-5-365-0.txt [-6.12704515e+00  2.29027730e+00  1.05351234e+00  3.21188975e+00
  7.65131140e-01  1.72200000e+03]
2-5-365-1.txt [-6.14010721e+00  2.26037275e+00  1.04659956e+00  3.22173115e+00
  4.81423298e+00  1.72600000e+03]
2-5-365-2.txt [-6.13803136e+00  2.29152900e+00  1.05105948e+00  3.20583284e+00
  1.34200457e+00  1.71600000e+03]
2-5-365-3.txt [-6.15942323e+00  2.24021625e+00  1.04057545e+00  3.22888521e+00
  3.18948930e+00  1.71100000e+03]
2-5-365-4.txt [-6.15397728e+00  2.23791969e+00  1.03845287e+00  3.22146379e+00
  3.69183938e+00  1.72600000e+03]
2-5-365-5.txt [-6.14315969e+00  2.27323878e+00  1.03476584e+00  3.20354449e+00
  1.89514066e+00  1.72400000e+03]
2-5-365-6.txt [-6.14171344e+00  2.28884375e+00  1.05362510e+00  3.20469315e+00
  3.83783948e+00  1.72600000e+03]
2-5-365-7.txt [-6.14255285e+00  2.27305079e+00  1.07469314e+00  3.23381543e+00
  2.34494944e+00  1.71900000e+03]
2-5-365-8.txt [-6.14706469e+00  2.26421994e+00  1.06068665e+00  3.23069666e+00
  3.65181368e+00  1.72600000e+03]
2-5-365-9.txt [-6.14410073e+00  2.27578354e+00  1.07659209e+00  3.23261767e+00
  5.15827424e+00  1.71200000e+03]
2-5-365-10.txt [-6.14128381e+00  2.28551221e+00  1.07707459e+00  3.22606713e+00
  6.08857966e+00  1.72100000e+03]
2-5-365-11.txt [-6.14722943e+00  2.26349848e+00  1.05207586e+00  3.22349908e+00
  5.68869431e+00  1.71600000e+03]
2-5-366-0.txt [-7.26828468e+00  2.73470288e+00  1.07565969e+00  3.25533653e+00
  7.80610985e-01  1.72200000e+03]
2-5-366-1.txt [-7.27253736e+00  2.72242558e+00  1.09913599e+00  3.26329248e+00
  3.90642731e+00  1.72600000e+03]
2-5-366-2.txt [-7.26059914e+00  2.74767602e+00  1.09872544e+00  3.27929498e+00
  6.09070860e+00  1.72400000e+03]
2-5-366-3.txt [-7.26215512e+00  2.74007946e+00  1.10642463e+00  3.27338746e+00
  2.09660783e+00  1.72600000e+03]
2-5-366-4.txt [-7.27646083e+00  2.72550869e+00  1.12384266e+00  3.27722214e+00
  9.24685204e-01  1.72200000e+03]
2-5-366-5.txt [-7.26807529e+00  2.74135804e+00  1.11452854e+00  3.28602979e+00
  4.83553012e+00  1.71700000e+03]
2-5-366-6.txt [-7.26530290e+00  2.75115931e+00  1.15655315e+00  3.32196973e+00
  2.84552783e+00  1.71700000e+03]
2-5-366-7.txt [-7.27261650e+00  2.72067905e+00  1.11790699e+00  3.28256980e+00
  3.74372432e-02  1.72600000e+03]
2-5-366-8.txt [-7.27904296e+00  2.72553808e+00  1.11207730e+00  3.27881829e+00
  5.37701345e+00  1.72600000e+03]
2-5-366-9.txt [-7.27685857e+00  2.72798211e+00  1.11650223e+00  3.27778115e+00
  5.88248325e-02  1.72200000e+03]
2-5-366-10.txt [-7.26949566e+00  2.74592412e+00  1.12001306e+00  3.28870784e+00
  3.97129110e+00  1.72400000e+03]
2-5-367-0.txt [-8.39026445e+00  3.19169497e+00  1.10109496e+00  3.95227200e+00
  4.66091550e+00  1.72100000e+03]
2-5-367-1.txt [-8.39900982e+00  3.16084224e+00  1.06888384e+00  3.94667148e+00
  5.13365758e+00  1.71900000e+03]
2-5-367-2.txt [-8.39360356e+00  3.16807705e+00  1.08301151e+00  3.26851476e+00
  2.49512555e+00  1.72400000e+03]
2-5-367-3.txt [-8.39066220e+00  3.18087470e+00  1.04969966e+00  3.96042632e+00
  2.56287289e+00  1.72700000e+03]
2-5-367-4.txt [-8.40217042e+00  3.14619672e+00  1.07118827e+00  3.26875217e+00
  5.45101340e-01  1.70700000e+03]
2-5-367-5.txt [-8.39266287e+00  3.17354888e+00  1.10924876e+00  3.29642439e+00
  2.47777382e+00  1.71600000e+03]
2-5-367-6.txt [-8.40670013e+00  3.13579154e+00  1.08466095e+00  4.02633275e+00
  8.88341160e-01  1.72200000e+03]
2-5-368-0.txt [-9.55407709e+00  3.54196346e+00  9.98644470e-01  4.15633081e+00
  4.12926930e+00  1.71900000e+03]
2-5-368-1.txt [-9.56782651e+00  3.51650262e+00  1.06516421e+00  4.20895722e+00
  2.73525605e+00  1.71700000e+03]
2-5-368-2.txt [-9.57059944e+00  3.52396865e+00  1.05573404e+00  4.21364558e+00
  4.82088137e+00  1.72200000e+03]
2-5-368-3.txt [-9.57539523e+00  3.52020473e+00  1.07137949e+00  4.24281923e+00
  5.63601562e+00  1.72400000e+03]
2-5-368-4.txt [-9.57962555e+00  3.50185865e+00  1.03972882e+00  4.18897420e+00
  4.69006883e+00  1.72200000e+03]
